"demo.bar" <-
structure(list(Lon = c(-19.75, -19.25, -18.75, -18.25), Lat = c(64, 
64, 64, 64), Width = c(0.5, 0.5, 0.5, 0.5), Height = c(1, 0.5, 
0.25, 0.125)), .Names = c("Lon", "Lat", "Width", "Height"), row.names = c("1", 
"2", "3", "4"), class = "data.frame")
